18425914633371123793
1125642212540381
18425914543182118830
18422537543541325754
18426759693967032275
18433514543651422191
3096456666480562
18443648171091427313
18433233261937360870
3095876855791587
23643618872655781
18445336393883189179
3940636790554666
5347732496777276
8444562838912966
18427040945592664121
18432670638402502696
18438018177638334438
844635384053750
18429573988462231531
18432388493413842980
18440269784174428120
18429574113011236829
18445054974741839963
27865623259185123
18433233128793833383
18427322631024672718
14074152562065469
6192621287702619
18423100021045264449
9006817002520640
6192664234491977
18422256064271155224
9851460979982283
13791870134386776
18439988257650114635
5629654153887661
16325419802361875
18014235300069290
18419159478747791277
8444601484771261
24769845198258100
18427884941031833698
11259381315076071
18423381766608453663
22799108041605062
27865868073435114
18433233618419908648
18420567154277482580
15481042115166175
18421130228781350985
23925729497120747
27302866577653660
18438300146525601730
6192110181023721
14355451448393648
18425351722073980927
18426759779862446126
2252091867660247
18443929676135137192
18431262829725941793
9570265168674884
8162430727946190
20266340063445089
18443085045047165010
13511005037592609
15762955176050612
10414758819921862
1407585334067145
18421692470068903896
24488133992120257
18419159839526223949
18437736646823510099
18438017962880925617
10977421010796468
25895414389735393
12666571520147515
18429855192848334780
18443366309570805752
9851899060027463
14636526995177444
26458501787615240
17451130729201608
13792325399281632
9288811675254721
10696113544298495
18431544038421299213
18426196009573941268
11822211020554193
13510837530263571
18444491947483922361
20828723077120012
18437173967446540299
9851851823185910
18428448410673020978
8444442570588196
12666511397355472
24488146883117030
18426759651004448867
28428624758833203
281084130426828
18418877883513110595
18423944918428549113
16044155275837448
18446743957751660505
14636711675953211
13510532593745921
10132802809167887
18430418241591640144
18440833395552878646
18437737252413702169
6755171812573275
6192024283119538
18436048157740236880
18432107684153131035
18444210927763062771
4785246401265576
18430418147098820704
18433796491066867759
9007349583118312
18424788939622252562
19421537166688246
18427885645400899551
21673208140070894
15481252568694722
18436892209006182315
18429292947272368182
18426478270529601627
3377802802036820
18429574108715548612
27865700566368282
18443647612742139996
18433796658567249849
18443084705744945217
18443366661746917311
3940800003178480
18436611348209729455
5910626616934471
562696546746454
18426759268756815817
281255934623706
18430700055871356863
18419722841021808740
18418878252875448340
18429011218899861474
14073804667158520
18442521910402809947
18418877930759979069
18425633175584833494
10414170411106244
18428166600688664554
18434077884445360133
18424788832252854221
18427884855138451491
28147836972892176
18427604191902367720
18436611331036020702
9851710086512623
18425915329160020017
5348350980915262
18433514431971262467
18438018521236701250
18422537105454596003
18420285309929521151
14917920364691424
14636892064317493
18445618216756838493
27584504761679909
18446743734401040297
20829547711561658
18431544004058873912
18436611322435338305
5629250429911041
4221746687246236
26177035397300261
18423100033930624971
23080754822053847
5348003083649121
17451371245207608
18441396474350141446
18577309814095963
14636965082038324
18425070333001990087
24206633246588966
5629538183544851
7599570967199802
26739774900076587
18433796289204453285
15481123722493933
9007310924283829
4785143328669783
18441114745969704881
18433233266242682941
26458394408189934
23644323246505934
18432670634114154595
18422255587532472358
18432669925447106508
18441677867722866697
18430981608161869837
18427041241957859412
27584143985147951
18445336436837777309
18441959213853442087
19140624836853700
1688763955740696
18441677463994695591
11540680206123108
18431825642241589274
18576974799241147
27021597763108783
18432107804423028770
18445899391079743582
18435484808349286463
18440833249517568008
18422818820948426716
18428729748215627708
13229207939252192
18443085066513088447
7599450706214868
18419722776590942111
18430981170074877916
15762564338352181
21110335487999942
10414660039606369
18421130056993406978
18421974030951383054
18441677257840656301
18433796018618171460
3096031475204138
22236480205029390
18429292285856055255
18420567149985267786
17732683010736206
18014127924772923
18421692972578242508
17169896273936399
18438863178090610737
19421721858080780
18441677635804004290
18424226453523726248
339301498785
18439425522453512215
3940310369763360
18419722600493481884
25614583655301173
21673732117168104
8444498402934799
5066622597660684
14918195237945335
844214471426131
18445055430009028535
304937500584
18421692770714386527
18445618474451533814
10133240893472849
18446743953456496683
18426478257638998072
18440551319276027918
7318263490347006
9851452391358398
18432389090414362690
18014591778684945
9851765923250165
18295791881617340
18443084980615774161
18437173593795002376
18421411115352784987
18422255729260101615
15480694225502212
18439989103760244761
18430981109947236441
18441677240665964603
26458402993471577
14355198045716444
17170261344518197
18439144665954320476
18443929740559581282
18425070521972096981
18429292208545464364
13792218025426963
18434922210589540258
18438862971926282205
10414462473666612
18427321965308477392
25895543234428927
18420285301341093811
3658874050314188
7881217745747996
14636501217116234
14918581790048176
5910678162702261
18437173748412448798
18420567253059764169
18858393945767913
19421502804328486
18439144305169596436
18421693114313408532
18014608961634400
20829431750328341
18436329490977849411
20265867606753317
26458544733093894
20829186927427610
18437737308243820548
14073989353177111
18446744035052552237
18434359239165411246
10696083475005441
18424507675097563087
18436892621321469969
18429292629452128174
18433514595189653499
5348325211373472
18425914783693471720
14355387020673006
18435766412172394473
18426478184627699613
17733151171084355
18427041173225865304
21954756130504788
26176833536983045
18438581067451662323
18859136973602771
18420848736635715622
18420285159608811462
18424788986871414875
11822322688458765
18434921733846597681
16888567326965857
18436329783039361071
18423944433086627829
18445618203872722982
25613939409223706
3377643892244414
12947831742988311
18429855927297179669
13791994685227045
23925196927139840
15762714663321682
6754982828900328
18437173619552157741
18440832935995179108
11822150880591880
18437173748408647596
14355391312887890
19140139506728983
18441396336914202551
18439707083329961943
14917980486303805
23643760604151873
22799881137291193
18424788767821856730
7037239496474603
21392197015306189
26739719056064478
12103037447962649
21954945107820450
18433233201807491116
2533176001232855
5066296180080588
8444459754651606
6473507857432676
18431826187701977083
15762796264161232
6474195048988637
25895959853334429
18437455493965348923
18430136886876372953
15762925114359722
18425914538887217178
5629259013029870
5066536692744164
19421979556184034
18430981891627614159
18437736659705528275
18440551388000354365
26458656400867355
10977807565455290
9851826042699750
18423099827778093073
18442522223933390834
5347844163240030
20266576280813578
3096439498801099
4222210546466795
18421973859149610952
18422255742150049829
18431544721318412204
18443084916191723578
5911034642038836
18427041156051828687
18432670659883761743
18438862847380094876
25895659200511995
18429855944474361879
3940336146448300
11258848746995726
9288463780544579
4221875539607485
21955207094075297
18438581630098276252
18436048226456567809
18446181304143314930
18437173791361794063
6192827440889909
4222146126151699
17451263874170794
14354850150023155
18419722909734273101
22236325598003193
18444773817590284294
9288322039283622
18440552027943993378
18425070500496998371
18439425393605476309
18438018671552823216
23081214379688030
20266181143035809
18441114638600437740
7036694033530831
14636638660460533
27021829698617373
11540680209399728
18419722128053174333
20266035116441686
18436611056157851679
18442522245410193430
25614635203690433
18445899816284389468
19421554351210581
18419159109378244682
18423381281278984165
1970316245794772
26176867891740741
18442240156249030616
18442803527115079600
18438580942900428756
28147587869245482
16043678535843772
18443084783050358808
13510936323948585
18429292964453023824
18424507812545363972
18423381882565296173
18422818554656129123
21392381702832213
18443929534389485486
10977476850155482
1970393561235496
6192131655991375
18422255471557279777
18443648123839315979
26458497489895447
18433514487806951350
11540813351157716
18424788965402935354
18429011442234818497
18437737046252519515
18420003998163468270
7881239213440934
13792454249218108
23643644643115041
18425915286204579812
21110803647168515
3940507940487086
18442803385384304571
18442803299475324972
18420566982485409748
18436329727210160143
18433796040103821312
26176790575579172
18438862619747549181
18433514393324224560
18418878020951146484
18426759659602509725
18295555659464697
13792145015701471
28428667703197758
18423663280240852958
21110752101531673
18427884983987077155
24488632213897315
18439707405455720528
18426196726822666306
18427322691156180967
18421411523368583119
11822146587131918
18441677485470711724
18444210609945051056
18441959149429850106
18430981883037220789
18014389916401688
281599527681951
23643532974030909
12103398233145395
16888421287526474
18431544455038369807
23925218401189862
21955469096648612
7881608589082641
18441958896030908406
18438018306476933105
7318650044219345
18439988910496612328
18432670440834727855
11540852000751594
18428166742432284650
27302965360787434
22799279837806561
6755365084659730
18441395821512949687
18431544725610168341
844128582434850
18438862718521770080
26176966672514996
20266069474607107
1126303629967418
13229688980897770
16325209341427747
18421692641868513336
15199837720346589
13792252379791430
18441396324034805777
18295512713789406
24207101396385856
18577198139506753
18432952173516226495
18424789287514931237
18438581402469662801
25895564710510671
18431826071745003587
16325136331636699
18432106975486803949
2251473402134474
12948016439033788
18424507168297451471
20829002245931028
26740316063465475
18429011352040570829
844339032424469
20547681893154749
18418596700588212242
18441114264941887429
562881239908357
18438018315072307273
15762869284896859
18423381543271464952
18445618500217733075
5910656684523526
18435203741393682359
18445055292562800543
18434922266424442894
2815003169259522
8444580011900871
6192535390191700
18424226225894981718
16888919505108929
13229637436506166
18418877647284076592
18441114797509705705
1407662647738457
18421411106756886435
21110236704407531
24207264611041231
7318564142448735
10414711577378912
18429011347751894965
11540693095088126
18438018740273872974
14917873114087482
18430418671090270295
18431544111434498096
18436892720110829635
18014076389752781
18436329379313090599
18431263070245224375
18421130078465359798
18429011154476072942
18420285803853381644
23080522892509176
17170093835091916
18446462779125334055
18432669934038482856
18442521936176152657
18445055314046549979
18445618517398323199
18014651909603335
13792020459487233
14636870586859491
18443929358306312284
1688446135697410
25614201411665963
18440833485749485646
18446743927680597957
18421692474361380843
17169591325163497
18429292380339568702
18429292728231264298
8162963301007311
18425070646535782392
18429855497800646572
27021928474738630
281320358477811
18439425672771862482
6192178905612336
18440551598446936105
18430981629626089427
24769578909040583
19984401226793042
9288708597743657
7599579559428123
18424789038406303824
18445055215253848068
18444773671561920570
26177567974686638
27021511863697393
18441959355590246344
8444588608913442
18420566836449968132
18434640636823732309
18442522150915932226
20829066668146774
2533240433868792
18421130074167377999
18422537148405841921
3377656767578049
12948085151105075
18420004088360992847
18436892170356129712
20829380211244999
27865889549451346
18418877707422531670
2532849591058481
18430699613488283612
19421897951936511
6192535388880964
18424507928509022138
18424225813577596863
18442803003125202875
18423944768094797899
24487897771016246
18435484696685051879
22236540336144369
12384877505937337
22518320257433542
18443928958869176268
18445337055303434144
18435766790136725513
18437174122065821641
18426196576503070739
18424788707693494242
281054071029805
18425070255693168542
24207079919452114
12385242566492173
18427040395844386828
23080552956821414
18431263358008361048
15199738934460500
18436892647095861274
18435766893211484193
21955142677889030
18426759285934129156
18436048432621748212
26177228665651187
18439143914328227907
18426477918340710451
3377871520727056
18422537642320920535
18431826217773105065
18434921974363914216
6192522503389180
14354910274256953
18445617787256111179
18428448320486572061
19140255472812053
18577331287031901
18431544064193003433
18432389219270000662
24206843705491529
18424225938131451907
4503432127053878
18437455279221833768
18428729920008748974
12948265539600441
27584290015739986
18430137135979102254
21955477680619423
20829101035683885
18432389099003052089
18427322085568282582
18423663142801309679
9851559759773697
18577258273505322
18421129769229615186
18442240903582318610
18439425393604558886
18427603753824550879
18440270230854959126
12103849195929534
23080845011779553
18423100300225413046
5066180209016922
12666511396569046
3095949859815345
26458244077649890
27866155836178391
18426477557563392091
18436048153441992753
18419441215717703584
4222159005286401
18427603526185648047
7880917101248542
26458244086366306
18295624376582163
1689086088904765
14355636124647398
18439144008815083456
12947866103447480
18431825483336908778
25332713544417299
1125865548480609
4221729516945438
18439706855697874951
18426196344572542926
18442240594342248537
18429292938687873020
18425914813767155656
18426477810962530227
20547329704198100
5629800183955504
22799481697861599
7881174796992533
19702921949741044
17732768917946289
13229319616462895
18432388506295730268
12666133427847090
562825397469109
281547993055273
9570235108950083
18423381375768264704
26458819606282158
18430700335047376938
22236450150743976
18426477536085802943
18431544734207573953
563117459308620
18442522331315699712
18441114844758278054
5629868904153112
10696117832974278
27584869846679538
10695679749455961
18438581595738079221
18433514878650875824
12103651628417021
28147291510669350
2532845295501228
18434359123198017621
4784825501351864
18425914976973946907
18436048123382071241
24769458650152884
4784932873109428
3940701216571333
18425633231418097642
18433233133098762321
18441396401337597880
18434359234866839585
18438299588191387637
18421692719171764312
14074049487699882
18425914843833106333
16888829320298413
4222116055089122
12948218295091103
18435203573899853880
23081192906817586
24206749218766762
18430136779501404156
28147652286087185
18444773963619434521
2252100458577832
18296144063102936
18445055593219948465
2251950139572264
16325960971583412
18419440970909351838
18421974164094975999
9851409442668534
6473701126111142
18419440751865757623
3378039025172385
23081132768428119
23924995062431728
18441114917777965001
23643850798858264
18419440627310067654
21391741751721981
18296272913563632
18445055472955555857
18419722506010689443
18421693110016212926
22517663133794337
18430418344676818911
18423381496027938849
14918229599912030
5347844171104344
20829135385722889
6192170318626802
18435484885658697702
22518053971492949
5066644065353748
562584874844148
5348084693008338
18430699802462781340
18446462426939850766
16043725779894224
16888653225394204
19984448471433158
18423944935605862329
19140401495211951
9569951643598753
18444773740281593843
7881290761306026
18418878149796233232
9007276569329573
18424507876960436279
18437737054840553549
18429574314881843124
10977390952185939
1688751072411553
18428729975841619933
18421411154008276908
18421974310121373618
18434077785655345120
13792316811116640
18438581067461230602
18014733514440656
19140397198409700
5629104400367601
18446743974927597552
18444773710224097286
562949959843781
22517929417441269
18428447908166041551
18446462585849118760
18444210824687058924
18441114282112778294
18426196413288415194
18443084727207723007
18420003959507320827
19703360038174622
18418878287238135733
16606757341364179
18436610905829998686
23080935204257874
18420285254102089700
26177580860571587
7318482533417009
18436047732530413633
18444773495473962973
6755794583093161
16888734827216990
25332417188266016
18434922356610432951
18446181093692932087
19140465915133934
24488344446238747
18425351919640575933
18435766193132011542
16044103733477409
18430699613495230536
3941061985042442
17169664336789477
25895981319323646
18421692611804856360
25614261530656800
7036771339010038
6192286285168588
16325398323003304
23925115323547678
12666769088839705
18431544545231896549
27866413534543896
18427603685093736438
18435766811609858013
18432107267548577706
18443366038985768954
12103333807128618
18429293007404859480
18436048239348416518
18421974322997362705
18430137050080608183
18295607194222680
9007456955006949
18296204197035951
18421411338689511447
20265786011418604
18421974284353273856
1689270772891687
13510536887074728
9007319507664968
19702939130593235
3095924090798043
18421411540560117789
6473778429886555
21673663407456201
14636793282822092
18423381942704930878
2251675257602050
844201586065356
18428448483697688492
9007010275262495
18419722475944148987
18438581411055796298
22236274054856781
18437736590984282164
1407473667538859
8162568166375368
20547548745367644
18429011064281694124
18430981457833623529
18439144279402020950
13229409801011246
18422818631968751563
18296148368097371
12103673106071457
18443929577340731300
18446462723286499231
16607152475340795
18424788956804874317
21391681613856807
18429292620856688583
18429855957359591508
18419722849602371532
18434358801071275937
17169861915050061
18432389124779737011
10414629975752634
7318362281017361
18425633686675062760
18428166312929853521
18440833520106471431
9007495609450497
18445055163719155702
18436048136269135861
20266421665726552
18438581213491232707
21111026979045380
3095928395071543
281767034617800
18442803119099084835
18436611013201690608
18430418666799234979
18420003976692563920
18439707074742976559
18439425921884946354
18434922128978608134
5066261816541123
5911378240995305
18426477978465861598
563130340605908
18423100330282647565
18418877819082964948
18427040584825110468
18430137208995053596
18441677859142303844
18438018748863741978
17451405603438619
18429855489208418330
18436329100143296452
18431544472208474026
18429010858114088975
9288807378452567
18430137316376182694
2532926894833599
18432952109093355603
13792467134972001
18439707388267593790
11258930355503145
20547394127003571
25051229977444288
23362835386204127
18430418641026678759
18427884971102109704
18426196653811171312
24488640807305127
18418596996946198450
23643657526378435
18429292547845980193
7037291027365790
18426759346069569606
18436610961666736126
18440551727300607909
18430136706481455182
18432951735427727364
18419159139447013304
6755227646492612
15762718949572645
21391883481972663
12666348181585990
1406958275264575
9851542582263775
4785435387035724
18435203887430107096
12947496741240770
15199760415719463
18427322188649857035
18422818696397193126
9007624455716889
18436329366433497157
25333160219836348
18429573765125439424
25051543516020687
21954618692468734
18445054953272573857
18419440721790959712
18437737123565404253
18443085276971401135
3377424840196051
8444124753559593
10133039026798574
19984757707505627
18427322235897905179
1688987299872846
7318413814333536
18440551452421652415
18439425350653444022
9288528196599737
18441958831608299573
18425070414609579936
18436329302006169602
18443647428059660219
18426759281646174188
18444210627122888725
24488460414222275
6473868624527282
18426759539345457175
16044142386806716
10696246688350159
4503410646450104
18421974597876908004
18429855897231556702
21955129789120485
18428166905636519892
25332850979897248
25895951266938963
1125478994935892
13511172541710411
2252164885577781
12384825963839390
18442803097615859662
18419440640186187839
18432951748311449523
24488000857440161
18444210614238642208
18445617933278445563
21110511588147171
18430418331791327140
18424226075567194075
18419159530280648663
18420003633101012905
18427322609551081505
14636320834781135
18425070719548587982
9007379637338198
18434921927119208485
23925076673822702
18446744069409996870
18430699647855886337
18443929534391910369
18443647531132977058
18444773955036839894
18422818954096082932
18439988502467968955
6755408027451375
18420004260158177359
18426196494893842378
3658964238663714
18443366167834132402
20829461802909790
17733009435852717
18424788711989247994
18445054871665639407
18422255321245548637
18430700399468740670
8162529507344463
8444296549630049
18434077450647175068
15762680299323293
18438018718803034109
18426196009570336791
18436329615535964237
7318680105582533
18422537294431780780
563181884932183
18438581436824354814
18435484932912316329
18445055369877585854
18427322369036517325
18429573932625821682
26176988156198934
18296272919592903
9851198977540156
27866095706046478
20828796091105359
18425351893880209327
8725784402001958
18436329439445188588
18418877836268470253
18435766304798343129
281646769045552
16325870775500746
18424226307499753443
18424507460361519189
18420285717957312458
18427040790980919385
18435203256062836803
18434640404895498221
18433233536822476747
13792209439752129
16325518588051408
21673826605858866
18428447865220497442
18434359037290348555
16325759097176034
18445618062135263191
18577223906885652
18437736586696654854
2533541078630409
9851817460563920
24769823724404693
18423381985651392421
18425070796853018618
8162503741865981
9570445565427742
16044352848527266
18433796654275821590
18440833270999023629
18444491960361812054
12103308029329455
5629860312252398
18432388523485822948
18858664524054606
18427885228799885341
18420003572964720682
18441958608262135749
4222073113149375
18439988828890464341
18443084946254659516
18424507451765358687
18426196220026552346
10696070584139697
13510541190299649
18430418610957582359
18446462706103222360
3377746971328447
18434359067359510533
26740427729403961
18437736595287244717
27584448938180582
18421692835141320657
17451470027882441
11540809054093225
18428447856623091647
18442521717126987760
563001496502333
19984538660241385
16325750513860524
18433514324599701565
18423663318888153036
9288270498955214
24769737817391131
18426196477717512096
18420003757648445409
18430136998547554322
18425915118700396465
18438581153353433125
1688772555112506
10133262375518183
18439426158106116057
17451792147480486
16888928102776803
18429573726467522561
18420003989572157481
14355588883152869
18443647574085664789
18432670067180830782
18445899988084654120
18426478111610109944
27584221305438197
18445618435797614507
18427041241950257111
23925042309955629
18425633570710028264
28428946878103489
18441396186593361956
4784967225835437
18445618186693181384
4503664045850648
18444773886309040076
19140246876389378
7318254902575108
18420566638885797838
16044060787015745
18439143875676667835
19421988144938958
7318259194134471
7318456766300187
18422536993786298434
18429855274460970972
11821545291382868
16888601684017152
28428663410589659
9851993549701198
18428448058492518352
7599734170910658
18443366296679350246
25051036701818954
18422818348500254672
12666721839480862
18445617873157881899
18445618577528192995
3940748459048954
13229242304102492
18435484915733430295
5066236047786046
18440832772780064701
18859046772604840
18435485031692697560
17169922038038537
18441114660074225660
281724083699778
18436048101903433784
9288699995881558
68716199847
18427041254839746535
25333061436899297
21110228118011889
26459000003559414
9007465547497548
25895916894814254
18429855167082069947
25895556118609896
28147583566544802
9288635570388945
18437737011893698569
18434077527953506381
19421734739968008
18427885452129796178
18437173838599749631
18420567184338321356
13228967424229338
23925184041189304
18439707190703882326
18429574357828567111
18445617898921131955
18429855347467747398
11822292614250530
10977283577282557
18419722407221657611
18296204204179432
16325527173005370
5910884320477106
18446462628803051544
18427322291728810015
13229641731866641
18419159268288364449
19985023988662351
18426477699287351271
18429573713586815073
18295486937366623
18428729447566344196
9288695704059994
2814818486321156
18436892797422010450
18428447968300302353
18428448230294355993
18428167064554831864
7599489361510457
18438299429267570666
1688897108049989
18446462950923763692
18428448071380828215
18436048123378663388
18433232892578299876
17451177973317557
21110631838318561
18424226393395560474
18418878166984556523
18440832996122034181
18436892110219116444
18440269827116105814
18421692732060598299
18433795958498983946
2251421856825385
20266589167484903
28147690945576935
2251705330434057
2252147710951418
8725397866676217
18424789162960027564
15199846315589732
18429855394714091554
18441396362679353297
18432107147289558950
18425633304422318016
18425070680892571673
13229169280090026
18434640490792615950
9570548634681341
18430699806759583801
18434077841493065634
23925351542358111
18440269758406525007
13792484309467171
18431825917126508512
9007452661940156
18014338385510355
25613810558697542
18441114565579243501
18423381491730022306
18429574465198817243
18421692856610717671
18426478038588981278
18435766364938698652
18438018770332811257
22517877882028063
5629143057694749
18442803686032015362
18432952113388257205
20828929230110802
9288777308569584
18419159732151844930
18295869195026448
18439425951954042916
10414745932988396
13792398409465875
18577546031857622
1407293282516960
18432107151577317383
18429010746449002425
16606813175152728
18421411141117739068
5347741089005623
8444206349680668
18424788900968857573
7318306449063860
3940507944353766
8162916053614528
5911172082958263
10977867688574919
18429574061470121971
18445618152325185438
18433514904425726011
18430418580891107406
18442521734316359707
18432951666705891380
18425914998443278435
18433795988561133557
16888661809823839
17169574146473996
8444129038696420
18441958621147234229
26177550793572290
3940795706638369
19140586180771893
18432670737190682644
21111044156162095
18425351786506485819
4785306527072227
10414230546481178
18433796619924013063
18431544794330366043
18430418426278445147
18434921781096480692
22799726515650640
18440833378365865985
9007237907611700
21954983757414381
18421411192662130658
2251993093111895
18428448367732391844
14354901689761865
18432389077531820082
7318770295046208
18438581608627503066
18430418396215705652
21673972636909505
18433233639897825235
17170029415170108
18431544283233517619
9851980670631956
12103269373968448
11258715594555321
18421411184068067402
18427885409183072188
26740041178677192
18443647814600687675
26740281701695564
18858917933088859
18013973305491410
18429292431884615711
9570140615737416
18435203234591539136
25051199912869904
1970646960701539
9851263408603184
1125517659996232
18433232948415037449
18429011051389452319
18419722686402789413
17451156503068619
18437736904516042725
10414634263576509
20828976472326225
18440833137857921083
28147867034779559
18428729396032307238
7880955756675165
18434640310403530690
23643610278461366
18433796564077510680
18446743803127332764
4222030156726301
18425914693500993449
18446462572964806590
20828778910711895
7599785721069598
18426759552223346660
26176842125475766
26176923723694068
18424789287521353783
18432388497707565060
23925647896346606
18438300094988091311
18434358959992537014
18422818790889095231
12666412610944950
5348033151369184
16888825026707461
6473735485783985
22799361444282429
26458677876097076
18438862478012121049
27865838009909182
18443085165293993929
8725389264420838
16607337156706390
18437736475019968447
18446181192479735806
18439707594427727925
15481239683727337
27584208420798385
11540903548092379
18418878231403954236
17451508687634391
18432952216457838651
18441959136547897317
18577150889885734
18419722080805715947
18422536912183754701
18426478012825665493
12384654156496953
10977390948515866
5629671337230434
3940739872129076
7880977231577165
12103037447110624
2251932962717688
844205885030389
18446180956254765004
18424226075572961366
18427040528993026048
27866258918014941
18436048295178338279
8163083556814879
16044039315718173
18419159723557126140
18427603762403803057
18434078030467039263
18441958689871364156
18427885228794904596
10414629973786536
23362710834511892
18420566961010180018
18430418563719561279
18432951533564919723
18426196555024302169
12947690013196335
18437173812829028270
18420285675006328822
5066287589687309
18430700395177443263
15480762936131497
18444774002275909684
18436892775937146969
7318778895728689
1969981233168480
11822150889308139
18433514921603760209
18428447946824548432
9569805611433919
10977652939751468
21392295795294287
23080746229104640
4221965730775031
27021498975649790
18429010883894968245
18422818971276804007
21110932484522048
18421411613566894119
13229396921286652
20547291050606621
25051053882802176
17732549864914990
18431544034122792980
18425352134397919148
7600206619803672
18437173662505566167
9288626981961727
18428729898542366676
7037170776735700
18432389154845163586
18428166321525489635
10133120642646113
18437736737014480911
18419440837762940841
24769686279684064
18432388441878364225
9006907199389637
6755201876688838
18014308319232011
18295950794031102
18439143978752344136
18420566909469982640
19421640244527171
18419159478751920194
21673152300122027
18437736668296708052
18445899936540000282
2814904385929238
18445617920395050943
23925381607653385
26458643520487520
562718019944452
18420003830664462273
10414831841312817
18436610635250008098
24488705222180859
21110709155987417
18443085169595842641
18443929727672450982
18435484808350793652
5910635210080355
17451057715478512
13229603084500926
18434359294988779468
18441958745696567259
11822039219306481
18420004311700340686
18444210562691039149
18441959183786967103
18437737252412915613
6192565457911859
7037145002016858
16607405878804423
1970689907228577
8444154815709211
18424225753454084131
12947694307573716
18428166407418478513
18426196602267828163
11540813346308005
11540439681531937
18446180883242811456
18420567115628740621
25332597575253964
9006885715705898
18296083943391162
10133283844194383
18445055176606941257
18430699755224367021
18420285305645039571
18426196267269423131
18441677945039290309
24769535953666039
28428697770983331
8162722790899659
26458523250786315
5629104403578927
18444210592762494952
7599416344838181
12947621298372675
18436047852796182431
10977184786022370
13229461345271881
