0
87383
3039
0
8746
7544
51456
0
0
0
0
54155
20578
42960
25316
50439
32112
32774
0
5082
17864
75242
0
0
64451
0
0
0
43924
0
0
12089
41869
0
65823
4505
32640
41327
28574
0
0
0
0
14551
21069
0
58821
49060
0
9366
29943
37534
49920
85390
8225
0
48934
0
0
0
42542
0
0
0
73153
0
4063
17746
29508
0
0
0
55874
0
16613
0
53127
32193
0
0
66057
0
39532
37460
10485
0
0
1223
21668
19119
0
0
0
0
22222
94554
0
35516
0
77135
0
0
0
0
0
16894
51171
28510
7503
5463
10241
0
15735
26160
64418
9875
12986
0
0
0
0
0
0
18561
84794
50476
0
35615
29527
31529
0
51011
0
0
69139
0
14599
0
40408
0
6161
61200
0
25447
0
16981
60534
0
56513
41075
0
0
6502
0
0
10619
116052
0
730
0
24999
0
0
63228
0
0
0
39881
0
0
2887
0
0
0
24336
58008
0
0
0
48455
0
47928
46683
12322
18113
24179
0
0
71637
8202
0
42884
5481
8265
0
0
50396
0
0
0
85339
17869
28071
0
0
9046
49754
3994
0
0
0
0
0
0
0
0
47598
21445
8751
20052
118988
5150
0
49527
53326
68818
141855
0
0
2978
0
0
16723
0
25620
0
0
2500
15758
34370
57620
23065
11338
8038
57174
0
0
0
29851
37432
0
14435
52267
49712
58929
0
116631
4700
0
92151
34366
0
0
0
100489
0
0
61359
0
0
47290
5371
74801
0
0
0
0
41154
0
29136
0
0
0
92821
17763
0
13674
0
46045
26818
61543
0
0
0
2752
7807
6187
12108
0
0
0
0
5417
27955
0
59929
0
107408
0
0
33653
22673
0
5388
0
7193
0
29746
0
4777
51538
0
0
0
0
41101
73863
9417
0
58119
14280
23609
0
0
0
13798
8516
0
9936
1457
126
0
0
0
7857
0
0
31162
19171
2824
33729
26209
0
0
0
26165
28020
0
0
4740
0
0
0
0
0
84594
0
0
0
653
40003
30597
51038
0
56278
0
61016
0
17985
5795
25072
14970
0
55691
0
0
0
31201
51527
0
9238
28481
0
0
7357
16326
20841
66585
0
5143
30375
25157
57833
0
0
0
35711
0
5054
0
13894
26914
0
0
0
13149
103638
0
15360
0
0
50479
0
10157
0
8886
20726
0
15184
0
18489
26690
0
0
0
25794
3480
20859
39007
22828
17777
0
36652
83745
16324
61039
0
26500
47510
6293
0
0
8105
22034
18080
87709
9435
0
0
0
61885
0
0
0
12113
0
44931
0
25908
0
0
14117
21648
0
0
0
69915
0
14899
0
24004
42515
0
12835
42888
4396
84998
1851
0
21883
0
37790
0
0
0
0
0
1590
0
0
0
0
0
97611
30448
0
13792
3015
0
82512
0
0
64238
29880
0
0
0
0
28314
14051
48421
0
6956
23984
0
37337
0
59385
0
16772
0
36713
41417
0
9575
0
27354
0
0
0
15549
7621
38141
156
10746
0
0
0
19321
0
24853
8393
10804
0
40707
44483
0
10464
19514
75945
38901
4499
0
0
74826
0
0
0
18641
39354
0
15103
12131
53378
32415
0
53
6236
51595
6283
0
19767
21746
0
65080
0
0
6313
0
0
4968
8031
0
18099
48700
22694
0
32153
7445
25287
0
0
0
0
23466
16037
22578
0
0
0
0
0
0
0
27038
0
33549
37001
78225
67714
0
0
16501
540
64602
584
91891
22049
89211
54223
0
0
0
33167
39050
0
2428
0
0
0
0
9989
0
0
0
0
94515
49486
0
14439
0
0
29920
21442
979
51552
0
0
18061
24030
48024
21319
87855
19541
0
19443
0
45549
42285
12461
58714
31382
46755
89303
46334
35506
42694
0
0
59546
0
0
4866
0
43558
12909
33074
0
36981
6012
0
0
29298
44973
0
2433
0
72105
101128
0
19196
13608
89221
204
32345
7293
0
42654
5859
2846
0
0
12629
0
0
0
4666
0
0
0
0
0
0
3334
0
0
0
0
965
1483
0
27546
37972
0
0
0
0
0
0
78637
0
7852
84569
0
0
0
0
0
0
4591
0
0
80635
31362
0
50718
399
18253
27350
25122
0
0
5700
18810
0
0
0
973
19035
0
0
44636
3066
38901
0
3382
0
0
76021
62944
0
0
0
0
14160
0
22186
949
0
0
0
0
0
0
0
13125
13871
0
37593
28595
0
0
58019
0
39233
0
42819
0
0
0
0
46987
0
0
0
27128
0
0
32636
41587
94789
0
7466
0
11494
0
93723
0
0
34376
0
0
3837
9056
40262
27914
0
35187
30321
26393
12188
0
0
0
0
0
0
30622
0
57151
55311
72698
0
0
33802
5506
8408
0
26695
0
46718
0
0
0
3144
15627
33752
4620
0
0
31815
0
75345
29751
40403
0
12063
0
0
0
37641
42258
0
150
3575
0
58540
0
0
0
21351
34392
26986
0
11316
0
119810
0
32944
52788
46418
0
0
32178
0
0
2658
64840
0
0
0
36408
46634
54692
43979
0
11635
40793
5745
12129
0
19006
0
46997
0
14253
0
17968
0
0
0
0
36653
0
23792
47901
0
0
0
0
6998
53925
0
4857
0
0
0
0
45018
0
32349
10235
9148
0
10132
26976
68785
0
0
40388
0
27958
41908
43075
32114
26738
0
0
17649
25505
13978
389
0
0
0
0
0
53799
5660
10664
35840
41214
0
42473
0
0
0
25010
16305
0
0
7209
94519
0
0
65673
0
0
25873
55955
0
0
96843
2939
19592
44947
55204
0
0
0
0
22409
48444
51176
0
0
5891
12191
13746
1507
20820
44817
0
0
0
0
0
4944
5943
0
0
13027
27475
23101
20504
15706
0
76685
9389
43510
28433
14933
21706
0
62102
19153
0
0
23639
0
0
0
51132
0
64429
0
0
0
13445
0
0
0
7571
1420
1237
0
0
5022
0
23001
0
67553
66517
0
55027
57744
2538
38684
34349
0
0
41379
56389
39905
0
45229
49884
0
0
0
22162
0
0
29598
20437
0
0
40232
24163
0
0
0
18445
46245
0
59291
86633
40692
69862
39589
63857
30457
32843
0
51761
19331
0
3162
36301
26177
7743
0
23162
0
0
0
46687
19380
0
0
0
0
58661
61879
0
51959
4801
0
19306
4518
0
63516
0
36566
0
48674
53083
0
0
0
38896
6735
1861
19656
0
0
0
0
42763
36731
0
7205
0
0
0
0
0
0
0
0
0
0
0
0
49640
16023
0
13191
12263
44921
0
42651
0
23061
18180
54859
0
51428
0
43967
89741
0
18892
37458
31834
19763
30269
16276
0
0
0
2361
72445
0
0
60523
39821
0
85036
0
26452
0
26651
0
1222
32076
44019
11645
0
3555
16498
794
0
75478
61938
0
15780
3532
0
36324
13304
0
0
0
0
0
0
30317
0
51916
5742
0
0
0
11433
15098
24625
12569
0
0
36148
39939
666
50727
50999
0
357
0
24681
0
0
0
0
0
22451
2370
36664
18499
0
0
0
103339
12845
32324
0
0
0
0
0
29108
22297
17473
0
15323
0
74499
17129
3381
63830
17474
0
0
0
0
0
33447
0
0
0
45017
8425
0
4649
0
17430
5612
0
20508
51872
29355
57690
5806
0
22083
0
17797
0
20932
16100
0
24022
36501
0
0
35566
8718
0
0
0
0
896
0
0
0
0
0
0
3201
15988
75998
24685
0
7666
16365
28084
0
0
0
0
0
37949
45965
3438
53826
7481
100003
0
46706
0
0
14575
45739
0
34649
10575
0
0
24285
47173
0
4826
0
0
6636
7637
25864
0
47242
32606
20847
0
0
32881
46605
0
0
0
26955
13671
54846
0
42699
0
0
9952
8875
0
0
19092
0
0
0
0
24613
0
5243
8542
56534
7554
31220
9473
91504
6091
0
31296
31731
0
15523
0
0
15512
27324
78912
0
93908
9460
60247
16295
2505
0
0
54421
41401
59325
36249
0
0
0
0
36163
72468
0
0
34579
0
20288
2315
0
23192
12303
0
3190
0
0
6850
4116
42601
0
46838
0
0
0
0
0
6359
0
0
0
0
27829
0
0
0
14455
0
0
60314
82108
52136
0
70828
19995
0
32883
30839
0
8007
0
0
0
52603
0
0
84370
0
6916
0
0
0
44586
51873
0
36232
37130
7116
0
32774
0
53354
0
71238
21978
75679
26069
48802
27569
0
50895
0
54119
23534
0
0
44948
42079
0
45428
21257
14058
0
39764
0
5895
0
0
16125
2669
0
14333
97499
26736
0
68643
0
0
1047
11536
0
10657
0
17421
86213
21641
14287
35068
4104
0
3017
0
0
2873
0
16148
0
8593
0
23529
0
0
12530
3090
55000
0
14565
26765
0
0
33765
87172
0
26486
7879
0
0
0
7591
0
19731
0
0
0
0
0
0
0
0
2919
0
27239
0
16950
0
0
0
0
0
65278
0
50618
0
8687
0
0
21167
38611
6313
30927
0
0
20887
0
0
0
0
166
0
21546
2245
0
0
36098
20580
0
0
22446
74306
0
0
0
37542
14747
2273
0
29836
0
34653
35353
30736
0
0
36835
0
80971
8918
42394
0
0
0
0
0
0
69696
0
0
2484
34062
0
0
0
16626
30802
31496
41293
33452
0
0
0
0
12001
9918
11676
73602
0
833
0
41027
0
35114
0
0
2544
0
62563
0
0
0
15422
0
15582
0
0
98967
49290
17336
51600
0
86720
4047
4110
0
62804
58445
0
3931
0
48688
0
31607
0
38463
0
0
15544
0
0
60108
0
0
7163
0
39133
46615
40307
0
0
2162
0
55294
20444
10445
0
12784
0
22533
20100
11468
2078
0
0
0
0
93071
31824
0
0
38680
0
895
0
0
36973
0
0
71232
25904
18965
0
84380
15167
0
19695
0
8128
89792
0
0
0
0
0
33638
58165
0
0
74703
17221
0
25164
0
0
19829
14876
0
0
0
0
55523
0
13816
20801
15929
37327
71302
0
0
67285
21700
0
0
0
21080
2993
0
0
0
0
0
54602
0
0
37416
9658
0
65430
100340
0
0
0
39394
3349
0
0
58680
30559
11835
31434
56028
8190
0
0
11849
0
86470
90478
0
57663
0
54478
23827
0
0
0
80670
0
0
0
0
0
9037
7358
69457
0
22449
82337
0
52534
0
0
0
27369
6679
0
63199
0
32404
48198
0
0
0
29835
39746
0
0
0
0
0
0
26937
0
64420
1481
0
32917
1270
0
14674
0
50043
0
13786
0
32728
14309
0
0
3506
0
73985
0
0
10190
9640
20908
39716
2687
0
0
16855
0
566
0
0
0
0
41754
720
0
25291
0
0
0
6258
18382
0
11886
26368
0
0
19383
1457
38084
0
0
0
34708
0
0
0
18604
1054
0
0
3856
14135
38326
86285
0
136454
0
64358
99046
0
0
4740
0
84190
87985
59234
10479
55861
0
9253
0
0
12236
5238
0
12713
14882
0
0
20027
29673
0
0
0
0
0
0
0
3421
0
26926
47476
0
0
0
39370
0
41388
0
0
0
47465
0
71131
16550
17829
0
9576
0
0
0
0
22097
0
0
13250
50818
17237
21313
14470
0
0
0
0
50951
0
12140
19538
0
116637
0
0
0
0
0
0
0
0
19337
6601
11317
0
0
0
0
0
33277
0
0
17406
60119
776
11885
82495
3675
71341
0
0
108838
15204
0
33633
38633
15035
0
0
0
0
11550
28516
2563
0
0
0
0
0
41348
44666
50163
38365
41325
0
0
0
58878
18476
0
0
0
0
0
52756
0
0
11292
0
17511
0
12710
87519
0
0
72088
0
24737
29018
0
35408
73329
15386
0
0
43428
0
0
6810
41901
47517
0
11685
3637
59007
0
0
7576
0
13891
24782
0
17360
0
52804
61990
0
0
30261
0
0
18542
54467
1726
17948
0
20730
3442
13550
0
1848
25170
36376
0
0
0
631
0
31941
0
13494
0
0
65333
5570
14504
57271
9136
7999
0
0
34734
31035
24389
0
0
0
8998
0
0
0
21870
0
0
9341
30629
0
0
33238
0
0
24556
9072
0
0
18083
0
0
0
0
0
0
37672
27132
52855
86120
0
24497
34349
18704
0
30655
0
80115
3232
18279
32921
0
0
6645
0
3475
31471
0
5610
0
0
0
0
45153
0
0
0
51010
31719
26635
0
0
0
10085
0
23999
64517
0
0
0
0
0
49919
36939
8069
0
11456
0
0
45206
42167
0
52313
12877
0
0
0
0
0
46884
0
67297
17840
0
24802
0
1027
0
8430
0
0
0
22957
49863
100604
0
0
42736
53620
17428
51607
0
0
29716
19168
0
0
44599
0
22527
34909
37640
3593
0
0
0
0
96917
0
38595
0
5578
37436
29067
22940
54377
39835
12810
14273
0
0
38982
30088
6350
44253
0
0
0
0
0
10333
0
16266
0
30312
0
0
24414
0
0
68055
0
25030
13452
7568
38099
0
11604
0
3170
20427
0
37653
0
0
0
0
14360
0
0
52393
0
27399
61348
0
0
0
0
29376
0
0
0
0
19166
0
0
39237
0
57517
14155
0
16412
128010
9999
26792
0
0
0
0
24266
14153
64119
97587
24001
0
0
0
0
0
0
0
0
93109
16693
0
0
0
0
4127
0
24855
0
0
0
6127
4461
0
0
0
15720
0
0
0
0
0
0
38609
8877
0
0
0
48119
0
51183
15172
0
16197
0
15590
35649
10165
0
0
0
0
0
0
29205
0
0
58188
20823
0
0
0
82587
1696
0
57431
2618
0
10547
0
0
0
0
54166
37607
0
6904
21086
50930
0
67904
0
71168
0
34248
0
0
4976
0
0
0
101083
0
0
0
0
0
0
40696
0
0
0
51129
0
40289
0
2362
0
0
0
50548
0
59725
0
0
6183
64569
0
19047
27576
0
0
13480
34718
3724
0
19175
0
0
1661
38172
0
0
39443
50913
28501
55321
40604
0
13064
18435
0
0
0
49792
0
17254
7824
48556
0
30195
61092
0
0
9393
0
62129
0
83339
0
20254
0
0
0
0
37309
24540
0
34809
58310
6301
47407
86203
12374
0
53909
8065
7398
21383
0
0
12645
0
0
39890
0
0
0
0
19792
0
0
0
70616
60422
23442
24080
56369
0
9083
2246
32245
63862
0
20824
0
0
13075
0
647
0
0
43162
0
20059
0
0
82787
7920
0
5932
16768
21019
17431
0
0
39069
0
0
0
0
0
0
0
0
44187
2969
34090
0
63259
72101
74040
22230
0
9669
10192
49942
0
0
9524
0
6673
7072
0
0
30763
80950
4074
25425
0
0
0
47899
24623
0
4541
26497
54796
53500
0
8165
0
35092
0
6886
71756
0
0
18650
4016
0
0
0
0
13800
0
27706
29543
0
4839
0
12679
0
26854
13174
0
79279
0
0
28338
0
60604
0
65119
0
0
37690
58522
8181
0
9427
58885
0
0
26755
33592
55351
0
8612
0
0
0
15564
25862
6836
0
0
0
0
32322
0
14283
63541
4530
0
11125
18220
0
52834
26768
0
88739
0
0
38296
26651
0
0
0
0
15100
0
0
57452
43818
0
21758
0
0
0
0
37049
7493
0
1750
40188
19281
0
84494
0
11747
0
31221
8865
28167
0
0
45390
0
26511
0
0
21265
349
34720
0
0
0
42164
0
0
0
73431
0
0
0
59833
0
0
0
3284
54238
7756
18471
69790
3410
0
0
50640
17840
0
0
19612
11080
6216
35313
15343
0
27119
0
30090
0
0
16610
30840
0
19742
4632
0
33023
0
21814
64526
87666
0
77131
23707
0
0
9593
41938
4510
0
16278
29492
0
0
0
15342
22137
0
0
16758
56389
0
0
0
53010
0
25862
0
0
19626
19847
0
20840
0
0
17599
30427
0
0
0
3147
69126
0
415
0
0
28316
21095
6011
0
44795
0
0
0
0
2904
0
0
42309
4635
0
1846
33518
0
44204
65435
0
0
14409
0
0
0
21479
0
29544
0
0
0
0
0
0
7077
0
15295
0
0
0
28383
0
0
55197
29562
14421
47667
28332
0
6778
0
80511
34921
97188
7267
23752
45031
19020
7017
5949
25017
6485
0
0
41188
0
13423
0
39608
39510
0
0
63357
39240
0
0
0
0
0
0
36925
0
12939
33560
0
0
30369
0
0
0
55411
0
13486
40914
0
0
0
20715
43930
0
17518
0
4412
568
58224
0
15672
0
68492
11210
0
0
31965
0
34124
0
1136
0
0
39755
10984
0
0
0
0
13549
0
57064
0
0
0
45617
0
0
27319
0
15080
0
59593
0
7936
5335
0
0
0
12360
39846
0
0
0
69166
25284
1419
30568
23162
52151
0
17067
10174
5414
0
0
73588
0
0
0
17205
0
45314
41451
50924
61184
32985
0
33518
15124
25741
0
0
0
0
0
10698
81849
0
9620
0
59282
0
0
0
38676
0
0
0
0
38540
0
9223
0
29346
46454
29647
0
47067
19966
0
25759
39661
0
0
13842
0
0
83013
0
53195
0
37602
0
0
35801
70446
0
0
0
0
4127
0
13107
0
31307
0
0
1738
72660
41787
62086
0
2329
30457
0
17444
41206
17133
0
27578
0
0
2156
44439
0
10409
0
0
29967
0
0
43689
1258
0
6768
0
0
17702
0
0
27375
19380
63215
0
0
0
26550
0
16075
44600
113929
11099
0
27187
0
0
14782
95093
29636
0
0
0
0
48699
0
7833
7106
0
3793
38295
0
0
63313
86305
0
43347
0
36686
0
62327
76612
0
0
2615
0
42376
0
0
39533
75630
26128
0
5763
0
0
10020
14810
48071
0
0
0
6431
0
0
18815
0
22269
0
0
1441
0
24642
0
1105
8818
54391
0
20892
0
15997
0
0
0
20533
0
0
61869
0
0
2702
0
6111
0
0
0
0
0
61260
57506
0
31317
0
23395
25934
16721
36144
0
0
24106
4117
0
0
30255
48034
20203
32039
25031
64114
0
0
0
0
11130
87013
6473
0
25032
0
0
0
53168
0
0
0
0
46974
74093
0
19977
0
33878
0
47997
33704
14681
0
0
0
0
0
0
0
10466
75656
54279
0
0
0
0
14858
0
52048
42787
51186
54171
0
21739
75369
0
50050
0
3303
0
0
60270
0
13561
49022
21831
33402
15046
0
59866
0
2753
0
27516
8226
0
0
0
21493
45382
93010
21400
0
26510
59989
59215
91544
0
72701
0
0
0
0
11110
18839
39178
0
9533
0
37623
0
6621
11485
34309
43222
42077
0
0
19450
0
0
15339
19273
50413
0
28201
51122
0
83653
0
15053
0
0
17554
0
9307
0
0
76361
0
18093
0
0
0
1516
0
26203
0
48335
10284
0
0
12802
62977
16192
30617
0
0
0
0
0
0
0
1542
0
32237
0
10165
49541
21347
85282
37607
16076
0
66271
0
32283
0
0
59838
2541
0
0
0
46229
17497
47680
0
10537
27336
0
20147
0
45033
71708
0
0
15246
46698
18062
4042
0
8428
14978
25794
0
0
27095
42345
0
9922
50890
0
0
0
0
19824
31867
0
0
0
54351
0
0
0
62735
0
40944
37354
0
0
0
0
23498
34803
32626
23887
59372
0
0
0
0
0
0
27534
101199
4795
36845
18340
0
85325
0
0
36019
5985
22846
0
61614
0
0
6982
0
12750
25900
47126
0
0
0
10940
0
0
0
0
0
5112
0
76217
24398
0
54598
0
24193
9470
34838
14825
2074
0
0
20237
79224
3840
53178
0
0
0
30776
0
0
16583
0
0
0
0
4303
0
10347
0
0
14339
4931
0
37419
24611
65412
0
57075
0
0
5085
783
24215
0
0
68081
15711
0
0
0
0
0
0
24422
15378
0
0
32730
64487
0
43174
0
0
0
85108
147571
11043
0
3759
47562
0
0
99879
13582
0
31139
0
0
3728
0
0
0
0
12958
0
24221
18842
46874
0
0
9531
0
0
0
2692
82687
0
53625
0
0
42861
0
0
0
12987
60430
0
41508
5713
0
48313
0
5412
56386
57363
0
0
52857
0
0
0
0
0
12583
0
0
38532
52973
0
47632
37839
34988
10068
0
16251
36534
0
0
0
0
0
0
0
0
3210
0
0
21376
0
426
0
0
0
27539
11535
0
5464
0
0
0
0
18957
0
14914
0
26937
0
26202
0
0
48836
1242
47357
0
0
0
81623
19050
14198
66893
0
55237
0
54479
5082
0
0
50743
0
53741
32921
0
32397
0
5654
0
8905
26843
49050
0
43614
29114
26200
0
41629
0
4219
0
22042
0
0
62891
0
60039
15343
11633
0
21895
0
17331
0
0
0
40967
0
74871
0
0
7110
6484
14440
0
15047
16479
149094
0
3408
0
0
42358
15327
40154
0
7733
3251
3532
1690
70867
64886
0
0
0
0
0
76458
20259
0
0
0
48746
0
49256
52788
0
0
0
28631
0
30419
22509
3839
0
0
55542
0
0
910
0
20394
29139
0
0
59034
0
0
0
0
51838
22037
0
0
16492
50649
0
67351
40496
34416
0
0
27657
0
0
47093
0
0
67521
18146
0
0
47171
0
0
0
0
0
21904
34559
0
2102
0
0
47351
0
69882
2265
38589
0
13376
0
0
25667
41840
63297
0
7697
0
0
0
67374
13469
84079
50417
22342
0
24123
0
21912
0
0
0
0
0
0
0
15869
0
10157
0
0
17083
0
0
1398
0
22660
32216
55256
0
20586
0
15185
66227
0
7025
36607
0
0
43271
12464
0
0
0
0
96804
0
0
0
0
24210
39478
21317
34885
39289
0
0
0
0
0
37003
0
12063
41934
20542
0
0
16701
3297
0
0
32733
0
66867
7814
0
48024
47990
0
38416
0
30381
0
0
0
0
0
0
17204
602
29092
33997
57563
5599
68392
0
23710
9577
0
2890
0
0
0
37484
36627
112231
0
20655
5875
84744
0
0
0
0
16268
39108
38474
0
39498
34934
0
0
0
6133
16373
32808
0
0
0
25262
5991
0
0
56304
0
33158
44653
29700
90488
0
0
0
0
57786
0
7024
10673
0
0
23115
16741
0
0
0
0
0
39123
41803
59622
0
0
26846
0
0
0
6145
5986
38552
0
0
0
0
59365
29802
49805
982
42904
7735
0
0
0
0
19289
0
26508
0
26730
2573
45254
0
0
65988
0
0
0
3228
0
5549
0
0
0
0
0
30441
25314
30563
31997
0
25327
0
53150
6723
0
82857
44207
14924
0
0
3937
0
0
0
0
0
0
0
0
0
13983
5434
38888
39889
0
8277
0
13550
23836
6865
69431
0
30003
49786
7826
